1111 111 1111 1111111111111111111. 475

ρ’ = 111111. ’·

*1111 ss: potest. · .,

1111111311· · 111. 111.
1111111111 11117111 Petrus: 111. ' Α· 7·
missum 111. 2,19, 7,1. 26, 6. 27, 7. 28, 9. 6117. 4114, 47,

11. ,11, 1( 1111. 11. 11. 1111. 111. 111. ,1111111111
1111111.1111111111. 1111. 1111111111111
1111).«1014111111111111111111111).6.111224. 104, 6. 1019. 106,
11. 1111,11111111111·εω).11. 1111111111.1111111,
1111111 1111. 1111. 111111. 1111111. 1111111.
121124. 12114. 1611121. 13110. 146, 6.16, 14124, 161,
16, 1612. 16118. 16121111111111.2611111111). 16181216
(pereffluam. 164, 6. 4. 16116. 1711624. 1711121. 173,
1118. 1713. 17119111111121).Ι 178, 20. 171181611124. 180,
1,.111) 111,1...11111.111,11.11111. 111111 11111.
189, 26 19121. 1939111122 19116. 19116. 1916111117.
198, 161111) 16. 18. 266, 22. 268 ,6111116611 216, 12. 218, 20.
2216112226. 22110(11111111,1116.1111,61,.) 226 ,1911111111 ’
229, 16161111111111111111111111) 2618, 2619. 26114. 266, 6.
16. 266,8.12.13,14.161111). 26111111111111) 1111111111. ’
1111 1111. 1111 111 ,111111 not 12) 1111. 111111.
111111111111μ7 2,.924111111111116,1,2.4,.1 16.,691111),

. 24. 7, 9. 9, 24. 11,2, 1181111111111),101111111111112111117,
1111. 111111. 111111. 111. 18‚2.8.9.10.13(bis:.per;
1111111111111622.194,(111).7.101111111111111)11 21, 20. 22 2.

21. 23,1...1926 24,5....9141526. 26,.19 26,4..26 2120. 29,
4..6 306161111111111) 17 21 31,.41416.22. 613. 3113. 37,

9 3810 69,.12 417112122. 4118 4122116111. 41116,

20, 4123. 412. 3.16.26.22.24. 47,8 . 1111111617, 417,
611618. 61141111). 611811. 611169112121. 6113.
611222. 6116924. 61141111). 61222. 6123, 6126.
71111721, 711622. 74,8.16.16,17.18. 711912131111116.
7119. 14. 18. 1922111111), 7161611),- 818. 8116. ’8120111111-
11111 1111111 1111111111. 111. 11111111. 111.
111 1111. 111. 111. 111111. 1111111111). 111,

16. 101161122. 16216, 101411116111111161111111). 21.- 1014.

11, 1111111111. 1111111. 11111111111111. ῃ ,
10121111620. 109, 7, 11121. 1111821, 1111111122. 114,
11.11(11).111,111111. 1111.111,1.11(1111111).111,ιι1 . “ “

 

