· QVAE IN GAH comen REPERIVNTVR. 467

. *n .-.·. 000.
poe& 250, 2. ¹. ⁴
διςῆς 103003 0οἐ 000000.Ι
’ Magno, Pntschius 0000016770 ΐι. Petrus, Papias: 00.
00000. 0000. 00020. 00000. 000, 17. 00000. 00000. 200,
00. 202, 022. 200, 0200. 200, 20. 22000. 22000. 200, 0000.
20000. 002, 20. 00, 0. 0000. 00020. 200, 0. 20200. 200,
17. 240, 12.. 0177,15. 2028· 00 2,1⁵. 4‚l(pmmmm).7.
0,]0. 7, 1. ,00, 02. 000000. 00200. 0020. 0000. 22,20,>
200. 20, 000000οο0000). 20, 20. 200. 0022.- 00,22.· 00,0.
00, 0. 00, 00. 00, 022. 00, 00. 00, 00. 0000000000). 000. 00,
0. 00, 00. 0200.- 00,00,. 00, 20. 002, 20. 000, 00. 020, 0. 040,
00. 000, 01. 0000000. 002, 02. 000, 00. 000, 00. 0000. 000,
22. 000000. 00. 000, 00. 000000. 000, 00. 000, 00. 000, 22.
002, 2002. 0000000000 0000. 000000000000. 00. 200,0. 200,
0. 2000. 20020. 200, 00. 200, 00. 00. 200, 00. 20020 2000. ,
248015. 250‚3. “00’ 22Ι,7. ’ · ·
ἦε nem? ’
Vid. n'
ὃς nom?
” vid. 01. = non.
0’ = natm?
Vid. 11 ·.= nam„
00’;00;10·-.;0000. 2
Magno: ⁹¹93 Pet'ruu, Papias: 00,, = 0000. Probus: 00. :s neque.
n' 2, 0. 0, 00. 0022000000). 000. 000. 0020. ,00,20. 00,
00,. 00, 00. 000, 00. 00. 002, 0. 000, 0. 000, 0000. 00022. 000,
20. 200, 0. 202, 0. 200, 00. 220, 00 22020000). 220, 02. 220,
20. 220, 5. 200, 00. 200, 0. 200, 0. 20000. 200, 20. 200, 0. 0.
0 00000000. 00,0. 0022. 20,·0.· 022, 20. 00000. 22000. 200,
nter). 200, 0000000). 204, 00 (tet). 1000, 00. 200, 02.
· Οοηΐ.ῆΠῐο“οῇ - · ·
0’ z. mmm?
0000.οῑ ’
,Ν = nam.
Conf. Magno sub litera 00.
00, 22. 0020. 000, 0.
ε 11011.
2000.

 

