91119111 11111 comm 999111911911. 487

19119129. 74,·10. 9999. 9919. 119,1.119,19.191,19.991,

19. 91919111. 1291. 19919. 111119. 19991911119191999,
s. 245,2³. 99 6, 1. 11, 22. 11, 4. mmo. 119, 9. 991, 11111
(91119111). 194, 11.

We? 911, z: quando.
amfl‹fflmffl

991 991991 991 991 991 991 99 = quibus.

9 Magno: 999. Putsohius pag. 1681.: 99.

. 9. 19199. 191,1.11.991,11.99.191,19. 11119. , 19. 919111.
9119913. 191111. 19119. 200, 9. 19991. 9191. 19919. 911919
(quibwgratuitam). 999, 1. 9491. 19. qi 99111. 111, 19. 91.
1915. ,91 9191111). 1119. 91111. 119199. 911999.
19912191919919. 99119. 11, 4. 1912. 1999219191.
228, 1. 230, 5. 238, 2499999199 999991999119191191

W 9999 99911 999 = 9191999991·

999 23514· 991 11114. 19931099911999).
Οοιι1.9-.-.91191;1’τ.·9991; 91391111. .

9119 9192991111. ’

[dameam 1899. ¹ pdwph‘ 178, 9..

qd = quando.¹
11191199,19.

991 991991 991 {ab 999 991 991 991 99 -- quidem·

, Putschius pag.1681.: q'd. Petrus: 9911. = quandoquidem.
9911119. 19911. 9199. 9919. 991, 14. 9119919. 199,
19. ’911599 159‚12. 1111119. 19911. 19119. 19114. 19911.
9999. 1994. 111, 1. 21. 11111. 99991. 11919. 1319. 91111.
19. 99911. 191119, 1499. 9111919. §.F 24,20. 99.
(191. qap 991, 22. 99 99119. ‘fd 11, 1991911911). 40‚21.
91. 13,20. 15919. 239118. 248‚5. 11 4,]1. 11111. 195. 199,
9. 11111. 199, 22. 19999. 11911119. 99911. 29199. 94919.

qa pro p‘d. 208, 9. W. pro 99. 208,12. fd 209,15.

991 991 991991 99 = 99999999·

, Petrus: w 999 99. Magno: 99. Papias: 99.

ᾗ. 18915. W 116,3.. 99 220,1. 997911. 99 65,
11. 9915. 19111.

991991 991991 991 991991 991 99199199199τ999999·
Magno: 99. Petrus: 999 (99.9 99. Papias: 9. q.

π. 1999. 1999. 221, 911. 91191. 199, 21. w 199. 9111.
mmmffimffimffimmmmmpmm

 

