Ι182 11111116111111 ‚v

’ 22119. 2296. 24124. 1191111219. 10‚l4(leyaraque). 11,
1111111122. 1111211110. 17,20. 24,11.12.25,1.31,15. 51,
7. 64, 5. 67, 24. 68, 15. 69, 22. 80, 7. 88,12. 90, 20. 96, 19. 9119.
99111111111111). 100,16. 102611111111111111). 103, 22. 113, 2. 3.
117,24. 124,18. 129,20. 1412411111111101011111). 157,8’. 161,21.
1611419111. 110122). 166,16. 172, 7. 8. 173,14.10(ιιε1ιειιᾳιια). 170,
20.177,5.181,11. 18217. 184,19. 191015. 191311111115111111111.
“ 1111111111111. 1914. 1911201119,1111911114. 211111
(idque). 213, 14. 216, 19. 20. 218, 2. 7. 2213. 220, 16111εᾳιιε heredi).
232,12. 235‚4. 2311116. 240,12. 2413. 249,11.16.19. 25920111).
2513. 1111111111. 14,16. 2110. 40,8. 519. 109,14. 2327.
n'isq. (necisque) etc. 13,22. 14,12.17.24. 17,11. 18,15. 28,14. 31,
14. 75, 22. 78,5. 79, 2. 80,21.82,21(111111111). 97,18. 1011901111·-
que).105,2(emnque).126,17.130',20. 140,16. 152,6. 187,,4. 190,19.
198,7. 20118. 228,’19. 22119.241,5(1111111111111κ11 1111111111-
que) 28115. . 11119118112. 1111111, 11117116011111
qde). uncat·q(11oeaturque)etc. 1,5. 2,2.22. 4, 15 (quidem qnin-
que).l'1. 6,11.18. 10,23.11,1(111111).3(1111111).6.21.24. 11120. 15,
2. 16,12. 17,6. 1891111191 uxorem). 19, 1120, 8. 21. 212111111-
rumque). 24‚2(quianeque).8. 25,7.9. 26,4. 28,10. 30,7. 3111111-
que legata). 20. 31119. 40, 2711111111111111). 47, 16. 50, 8. 51, 12. 15.
55,4.15. 59,17. 6112. 6191111111111). 0121. 5511111713.
14.17.18.20(1111111111111111). 78, 1. 2. 11111111 89, 2. 85,18. 88,19
(1111111191111111). 9112. 96, 20. 97, 8. 98,1.10. 9115111191).
100,17.,101,19(11111114>. 103,11.14. 10111117. 106,14.108,17.
112,15. 1112011212. 12119. 127,Ιο 129419. 13116. 131, ,
“ 11201111111111111). 1313313112, 14121. 145-,17.24(1111111(1).147,
2411111111 ullum). 148‚20(neque‘bonomm). 149,5.6. 15112. 15122.
160, 22. 161, 24, 165, 7. 166, 14 (neque heredi). 24. 178, 1611111111
subici). 179,17. 18912. 190, 24. 191171111111114110. 19443
(1111111111). 1111. 19116. 1111. 11111111). 11111 m.
21215. 211418. 210,1.15; 21124. 218,1.14. 221, 3. 222, 1.
22113. 22118. 2212116111111111). 28123. 29111519. 288,
5. 2814199115). 240, 9.Ιο 2415111111 111115111111. 245, 21.
24812. 2519. ·
111 (quem) 7,12.
q.,:: (1111. ⁸ ·
VM
qr. Quiritium.

 

