484 ‘ 11111111 1111111111

quis). 158,5. 181,15. 162‚10.14. 111111111111 17o,17. 175,
8. 111111. 177, 9. 11111. 171115. 181,12. 182,st 183,9.11.
19116. 1111111111111. 209,7.23. 212,16. 213‚24. 21111ίί
218,8.13. mlo. 1111141111111111.
Vid, ξᾷ. = quamquam.
11121111· “
Magno, Papias: qt.=quantum. Petrusz q. t. m.=quanta 1111111111
1111211. 11111. 11113. 184,3.20(1111111111111). 1812. qm
etc. 1111111110. 183, 21. 181123. 187, 1.
11111.ᾳᾶ
11 1 = ‹1¹¹²-
11111·
ᾳ = qui.
vim

q Ξ quo.
vid, q
,111111 1111113 qnod
Magno, Petrus, Papias, Ρ11111111111 1111116811 1. vela Probra,

Gothosredus pag. 1541.: q »
a. 70,18. 111,17.18.2,20. 3, 3. 4‚6. 11111111. 32‚2. 311.

1111111111. 11111121. 11111. 1111. 11, 1. 11. 21. 11,
111. 1111. 11111. 111. 1111. 111111. 11111111. 111.
1111), 1111. 1111. 1111. 1111. 1111. 1111111. 1111.
1111111111. 1111. 1111111. 1111. 111,11.111,1.14.1111.
11. 11111. 11111. 11111 111111114. 11111 11111. 111,
11. 1111. 11111. 11114. 1111. 14111. 1111. 11111. 111,
11111111114. 1111111111. 1111. 11111· 11111. 11111
111111. 11111. 1111. 111111111111.1111111111.
¹ 1.1111111111111111. 11111. 11111111. 1111. 111,
1. 111111. 1111. 19111. 1111111111. 11111. 1111111111 k
1111). 11111. 11111. 1114. 11111. 1111. 11111. 11111.
211, 11. 11. 1111. 111, 1111. 1111. 1111. 1. 1111. · 1
11111. 11114. 11111. 1111. q. ,1,1. 1111. 111. 11,
21. 11111. 21121. 11, 1111111111).· ,1111 1111 111. 111.
111. 11111111. 11111. 11111. 1111. 11111. 11111. 114,
. 1111111111. 111111. 1111. 11111111. 1111.
111. 1111111. 1114. 1111. 1111. 111111. 111. 111. 11
11111. 1111111). 1111. 1111111. 1111. 1111. 111111.
11111114. 1111. 1111111111. 11111. 11111. 11111

 

