448 1111101 0101111111

ἶ. τ-.-·.. et·
s Ρο1100, Papias: 0. 1
119, 22 (utet).
35:111.
11011 0110111
0’; 00 0 = 0100. -
Ρ10600,1)0110010’.; 0. Papias (10111101. l. 0.), (1061011011υο ptg.
1532,Ρο10011100000.1671.;0.
08,.1611,.213,4.14,18..1918,.57.8,.471461210811.
162,.3.16 166,14. 176,8.172,15. 1747. 182, 9. 19. 195,.26 261,
14. 262,.7 212,22. 216,17. 236,7. 238,.7 017815 0 7,
24. 13,9. 161, 21. 176, 9. 221019.
0130111010. . .
, 0011110001.;111110 edicto. 01000010101611001. Conf.
Magno 001) 11110100. .
¹ 111, 01. ’

’ 0100 011, 0.
0110 = erciscundae.
6111.ίοἀο
0·0.;00; 00, 0010ος00000-το000.

Ρ10600, Magno: 0“0. 00101ιο0.,·00.010110010011111010.

1011000. .
000010000000000000
101, 10. 10001. 10010. 10011. 11010. 11011. 11011. 1001.
100, 01. 101, 10. 01· 100, 10 101, 10. 001, 010010). 0101111.
001, 1011. 00011. 111000. 1011. 101. 10001. 1000
(eise). 0000. 0011011. 0011. 00 0. 01, 10. 10001111οο). 10,
010. 1011. 1010. 0001100. 0011. 1010. 1001. 101. 00,
001. 01, 11. 0010110). 1001001000). 101, 10. 101, 10. 100,
. «101000. 11010. 1001. 10. 10011. 110111111111011100.
10010. 101, 10. 1001010. 100111001101. 1100000).
110,11.10.100,0.11.101,00. 1001. 1000001. 10010. 001,
. 1011. 000,0.10.100,11.001,01. 111, 1. 1001. 0101. 001, 11
(ter). 001, 0000, 10. 11. 0001. 011, 0. ,010 11. 10 01, 0.
0010001. 11010. 0000. ...0010010010 .
10010. 11011. 1100011100 00011. 00011. 01000. 01011.
0101. 011. 10, 0. 011. 1010. 101101. 0011. 100. 10, 0.
s 1001 11111022. 001. 10111. 01, 1. 00, 11. 01 000. 001. 0011.
1011000. 101001. 000. 000. 10010. 101, 1. 11. 10000.

 

