460 · 131031 3101111131

Probus, Magno, Ρ311011ῐ1.; n. Putschius 1111115772 6. Papias,
Gothosreduu 33215682 u.
1. 113. 21111. 1111111120. 1110. 1111. 1111113.
21111113. 3121. 3121. 1113. 311113. 0112. 31, 13.
67, 29. 98,24(30111116121). 8122. 90, 8. 911613. 96,12. 196,
1.3. 101121. 1111323131). 11121. 11113. 12120. 123,
11. 111111313111. 1311. 1111211113. 1311120. 1131,
131111). 11111. 130, 22. 13113. 1013. 133, 3. 13. 131113.
131221311311. 110, 13011131112221. 11112. 1111.
1111111311). 111111 11123211 131121· 113, 112022. 130,
1121. 1313.1113333131311122.1313. 1311211. 1313.
2213113. 1312 1311. 13131111,1131111122 131111
23. 13111121121. 13122. 1311110. 201210. 202, 3.
20113212011320. 20111. 2013. 20122. 21111. 2111.
3. 23. 22222.221,3.·,222.11(1131111122. 22112. 22112.
13011). 1211113. 221 11.13.“ 2211. 23111111122222. ¹
23111. 21110. 2312238122 21111 31123. 21. 21112.
2112021132112311012. 1111. 311. 1111 11121.
10123. 20110. 2011. 2012. 2213. 21121. 3. 1111.
1112. n 11. 1113. 11, 23. 113. 111123. 1120. 213. ·
2111. 313. 31113. 11113. 113. 11221121. 313. ’
3110. 313. 13. 31, 21. 1133. 1111. 11123111. 311.
86, 23. 96, 9. 97,1. 99,,14. 193, 23. 108, 323. 11149102111132).
1113.121,11(ρ.2311113).·12110. 1213. 12121. 121, 13. 121
13. 1211 1311. 1111 111112131111111). 11112 132,
23. 11111. 15210. 13111. γ1312. 1311133111113123.
11111. 1131. 1111111113. 11121· 11110. 13113113..
1 602111111123. 18117. 186116. 1916. 992, 19. 29124. 2914.
13. 2011113. 2011. 2011120. 21111. 2112 221121.
22122211. 231113. 23121. 2313. 21113. 2112111.
2113. 2111021132111131). 211, 3.
,12112 31112311. a. 21113. J

17311311ωο12. ,- . ¹

68 (bonorum) 93, 21. 111121 14116.
“ ι Conf· 9 =' bo¹ 19110101
12311 = num.
Putsohius pag. 1677.: 2. , .

«laum. 183, 7. 3110113ἰο1 189, 3. mm 226, 2.
ἢ. = Numerius.

vid. Ua “

 

