91111 IN 9111 9991911 9999911919. 473

19911915991921199· ’
Ρ911119, Ρ919911199· 9991010917. Probus: 1111919. :praede litis
911111ἱοί11991 (vid. Notae 111111119ιί9 perpetuis). Magno, Papias: p. ’
Magno: p‘f. t praeter. ’ ·
&mm eto. 9,11.19. 199. 19999999). 1119. 19, 9. 19,
99. 9919. 911999. 99, 91. 91,19.91.91,19.·11-,19.99. 19,
20. 11113. 51,-10. 51, 3120919). 5111211121.6101124999-
99). 9999 9911. 991. 99, 91. 9999 199991. 11, 99
(praeterea), 99, 19. 99, 9. 9119999115 99,1; 9119.1 9919.
1011110116. 100, 3. 107, 2. 100,10.11.16.18.20.22. 110,
·11.19.99.91’.111,9.9.19. 1199 11911. 1911. 1919. 191,
. ’· 99999991. 19919. 1919191. 119, 9. 119, 5. 191, 19. 155,
91191. 19119 191, 1. 1991919959 non). 19111. 1911.
-155, 3.·100, 146119). 107,17(ρ99999).20. 160, 8. 172,“10.15.18. “
1111. 111991. 1119. 199, 9. 19. 1991. 19919. 1911119
, (2199999). 1111811622. 191123. 198,9(515: meseum prae-
terea). 200,15,..202,2.12. 203, 8.. 207,7. 208, 517. 212, 9. 213,
8. 9.· 211,1(019).9’(ρ1·99999999111.181819. 218, 5. 220,16. 222,
79181321. 226, 23. 230, 3. 7. 231, 23. 232, 11.13(1919).17.18.19.
919999.. 999, 1919. 1999999.» 999, 9. 1999. 99999. 9991.
2400. 215, 5. 251, 4.]399991999999). p' 11, 7; μ’ 182, 0.
17 27,]5121999111919). Ι111,11. 143, 10. 101, 5. 7. 9. 1991999919
91).19.199,1. 1991919191. 199, 21. 9911. 1111.
pror (Praetorem) etc. 7,9. -10, 2014, 8. 195 31,21. 1919.
58,15. 61,24(999911’1“9). 71,5(9199919“9).· 85, 37. 1035. 143, 22.
150,18. 15115. 167,17(999999199’9). 178, 5. 182,3. 201110. 214, ὴ
, 19 99119 99199. 9911. 999, 99. 9119
1991 9193919· ¹
9129199199 etv. 521. 50, 5.ἰο8,15. 79, 4. 113, 24. 121112. 117,
11. 1999. 1919. 1111191919. 199, 91911. 11. 19. 191, 21.
199, 9. 119, 11. 19. 99 1919. 19991919 19919 191, 91.
999, 91. 991, 99. 91. 999, 9. 999, 119919919199 919, 9.
9999909999) ete. 5, 99. 1919 9999 9919. ,99-
9999 etc. 51, 19. 191, 91. 1991. 19199. 99911.
11 9: 90³·
Magno: 9., Vox 9999991 ap. Magnonem sic 9991511919999, item
ρίς ap. Putsohium [19910781 1193 ap. Ρ9119199129919111199.
9999919. 1, 24. 6,11. 10, 814. 13, 22. 20, 9. 27,9.11.13. 30,
102022. 33, 24. 3519. 59, 21. 01, 10. 0211101323. 03, 20.

 

