’ QVAE 111 1111999191111111911111111. 491¹

9111119. 415. 413. 41541111919111111122. 4130911191). 7, 3. 13,
7(91·1111”ιο1·ιι111).12. 14511199911191). 2415. 425. 5424. 04,18(111-
...1199447419 9419. 191, 19. 11415111141194. 11411.
16411. 102,9()11111”119911111).13. 164, 4. 16142422. 1641401111).
17423. 176, 6. 1521. 178,15. 180,7. 19417. 202, 22. 20424

- 2145011944). ll. 218‚22. 220, 23. 222,18. 2242. 225,14. 226,
1191111941). 11411. 119,9(,1..111111111111.).1114111444..)
24416. 249, l.

Ι Tab. 111.
411

, Magno, Petrus, Putschius 51416811 11 Probus (in litter. qmer
e.)‚ Petrus, Papias. r. Gothosredus m. 1544· 1.ρῆ Magno,
Pntschius pa31681.: m: respublica. ¹
1410142 1141911119 etc. 1,.15 4184119 1450111911911.
441111111499191. 9411. 141· 9411. 11, 11. 1419.
7410. 77, 810. 90, 7. 20. 94, 8. 11. 91415. 98,8.15.16(511).19.
99, 5. 102,6(51111119).22. 103, 23. 10419. 105, 7. 106, 4. 101415.
114142211424. 118,6.,120,1(19111111911). 1241821. 1229.
11419. 1141419. 11441. 1949.144141141415414.
15414. 158,13(5111111119191).19(519). 1045011412. 105, 3. 9. 170,
,6. 1741013.175,15.177,8.11,. 179,13.24. 180,45.-18.19. 182,
57011). 18421. 18421. 19412. 1941419414. 2014101214.
2145. 218, 5.,14. 22430111). 22413444919111). 231, 5. 23416.
23481418. 237,1.,239,13.241,24(1·11). 24414. 1· 3,1. 45.
7, 218. 10, 224511). 11, 2.5(4111)1111199).5.7.25.24. 1444114119,
20. 25,1. 40,15(11111”.11913.). 42, 20. 50, 3. 54, 4. 55, 22. 55, 20.
58, 2. le. -59, 6. 24. 03, 5. 78, 18. 82, 23. 83, 1551119191). 8412.
9411. 9411. 941. 9441. 949511111141419. 91, s. 941. ’

· ’11.99,11,19.11.11(1111.111). 1941.1911941114131411. 191,
991111141117. 194411. 1941419. 194 9.’ 1141111411. 194
s. 1041411111.114414181413. 114 7. 1141411414911).

’ 11411. 11419. 11411. 1141. 13411. 111,11(,..119111).114
17. 1442021. 150,17.18.22. 15410. 1541517. 1542424. 153,
13451114111119119,115191541199111). 150,8(4191119199).12(511). 101,
41, 19411. 1941. 19419. 1141119141.1947419944.)

- 19419. 1947. 19411. 19411. 194419. 11419. 11419. 191,
24. 241,17.24(19111111111111·). 2445. 2540.

R: respondebat.

 

