110 15551 smmum

0
53 5 = on, 151515.
2531151355 = 5511.
55 eto. 1, 7. 0,18. 10, 20. 27, menum). 08, 1315551155). 73,
13. 1135555510. 11020551151555155). 100155). 115, 8.· 125,
111. 11210. 11000551115151). 103,5(5511151111511). 20010. 222,
0. 220,11(1555551551). 23022055155111155). 218,7(55111511,1351111·1.
11. 5515111551 etc. 0, 21. 1023055510111551051. 0511511. 5571515·-
1111155101. 28, 5. 12, 15. 50, 2. 70, 7. 73,3(55111115115115,15. 8511511.
55115151155151).80,13. 10000155). 117 ,.10(55595515) 123,17 151,
0055051051). 158, 1111555551). 101,10. 20212. 201,12 (5511-
cepta) 205,7(555).220,17(1ρ5515511)
851155.ρις.157.1511 7. 8. pto 55151111 exhibent 5135111
. 1111115155(11.55511555)170,111. “
535ε5315-1.“
51111515. 1001123. 202,.23 211,18.200,.11 23213. 235,2.
5151 51513519. 233,.2 ’
53173 5ι-555115. .
555 200, 23. 5551 201, 3.5“1·.5 175, 2001511 oportere).
re 17510. 5115 (515515) 515 130,..710 200,7.0. 201, 11.
1510511005551103.1185101551).5....15 175,
17. 201,3. 2007. 212,2. 22212 220,1.1
5253151151.
Magno: 55 = 50511535.
5517518.
5.3 53 5.-.;.- oportere.
Probus (15111151. 5. 1. 51...;ι15)5.
5..,203,18 51008. 200,Ιο 20217 221,0. 212,5.10.
eona (1.5.
630: oportet. .
2111150151 31101077.. Proba, 1115115, 2511115, Papius: 5.
517315. 105,13. 233,12. 231112.- 5201315. 200,10.
0511003553 W·
Usa: 510515. ,,
Probus, Petrus, Papias: 511 officium.
220, 20.
5511 = 55151055.

Magno: 51519. Fauonius 3155. 10705 5515.
158, 5.

 

 

